-997.7332088898831	-545.159795802842
-788.2230418562729	-995.615807209985
-850.412749938995	402.18042570063267
400.919908893429	826.8515492364447
642.0425953634822	185.9830641309925
-936.6206926823868	-30.72095720608627
-136.5397239727415	975.9139088308534
-560.2932295076043	-754.8197442935254
-918.4116463493289	233.13966979469433
-789.7745489182877	-986.1185847269305
965.0530826488164	225.2330075798975
-325.24974628254654	-655.8397287219543
586.0836442914117	157.15758679906162
-355.50700266043475	-558.4595347514822
-494.3188559950278	63.16075282724182
51.75091236371054	154.071570259101
-636.6178369646358	743.711923073304
12.60299255620896	911.9420976874412
-359.7050560001876	296.5906826963187
-410.4053148507867	733.2547352760334
853.3702294945081	365.9056674725705
55.97116599197716	810.6725799885489
667.3886458856391	773.8957254842117
483.9674069761588	973.6664974576306
463.6785940785353	609.5326043897148
447.0535723572207	786.1474749663671
711.1555633502394	-264.98310583830005
-634.3225848846812	-954.4706224603585
-943.0921965245773	469.6943432710568
-64.26651761505605	-992.719608605489
913.9270906545298	-959.758405477483
297.30827244027296	-19.48815523795156
-673.3781498653084	500.41789389384985
-887.9632079001108	-5.357405590845815
-189.06464907798102	755.9741127599132
88.98218624227343	-306.5737968742486
164.4079422587613	734.6864845134871
440.5441776580924	-341.7982956605996
-312.49996083234464	569.3519344546578
223.60793261576146	-717.5222983425917
-730.7694132571163	336.9282951115763
919.310440206227	-944.1048975487901
-654.6734806318639	993.5069368070999
-315.0672484048189	-190.04168455816716
-319.71978001452044	407.93772617993795
-894.7098499903564	629.0494098982847
648.5689002953791	545.9470630814455
-332.0564835450559	88.85895179389581
-781.8929487850335	-804.4263711318079
-341.31643725088657	841.4470907967252
-811.9958499898012	-348.79043244700745
-420.13562375208596	-896.924894078011
927.1712422109915	362.4080383739581
-788.4812461873032	381.09926991369935
737.5773511071438	-166.7106729877055
-699.5287576941646	-767.6141844336968
887.931921075482	-213.70574367261577
-92.71850625154161	409.64406596923914
270.8608934894921	-676.0585263954357
-326.7401852015423	-932.4588311771693
-625.4916887271855	-52.972341280001615
-345.6603383599984	506.5024649061231
-627.4814077342435	978.1889248388027
-838.6202108804666	-539.2659458750111
-621.0930684634077	-215.72164337965512
294.46081210629495	-608.4735754531832
315.04222800135517	-513.4855890171957
899.2860913845789	425.2496653560727
-124.7218837924346	-339.5332621682845
762.7778328609147	-300.8685283224004
-759.5070292551143	487.97444770015613
1.0319818766566868	618.8636260942769
380.66128437378256	454.07795014601834
609.8952688184943	-473.4856457733516
657.0546249733775	598.7948474113207
-343.7077788021629	609.912599849946
386.7999866761186	510.474748893022
-265.54529715398064	-945.1717651198251
-25.39684930591227	503.62923444693615
67.4330996198787	458.06398101821173
-160.2864643460922	489.6629832491092
458.77138468288103	-396.7615841792302
-695.0993680459112	-310.4525148626889
-466.01027578067783	-905.120104020128
458.10954458317497	-901.1147892941498
287.03903229909474	-113.5893028561776
295.03400228987584	-491.4001532725165
101.96412987574672	785.6528143587727
-753.9261428288937	44.52278919784362
520.1601108723642	-598.9773835027852
131.21362944001203	-856.8512795228413
66.49193254758984	-314.76309006928545
-122.67325314053528	-966.8931557341195
-284.7471040324525	481.9810346338022
592.3158772933862	544.1379133754517
110.41339753704801	-295.44713573177626
451.2897973555321	127.90159046562917
889.8725620492144	-806.8520074564822
54.91963987303757	-46.89049157497857
-75.20971185777819	783.9994908342478
959.8833385489029	-619.3314738253646
-545.1793097073382	326.6213588866922
915.7501675384938	851.2836760087141
528.9675434125015	-89.87567862511867
447.4895924569448	754.831582255455
322.5249454155687	629.4293358450743
-690.4675273415022	654.3396959566351
590.6015832842988	651.1395154317606
-130.37330544694555	860.9465324632879
147.02403064737382	252.33022437935688
403.8205241486032	549.805341252048
-522.5271902478783	878.7345747750032
857.2096618791195	442.74954457142917
-525.8631501789071	130.48711870563193
-904.256566198799	-29.14126700278291
-819.7996260442122	924.779210840858
13.222513285948253	-270.29916825430814
871.0145573284155	-649.3229599311301
-906.6819587440071	525.4377660420196
-49.43913747916406	448.27768188501045
645.5302518302219	509.0557842759713
594.5661225213553	432.28522173593365
-154.37032941529492	436.42268376598327
-23.245298026810246	805.5400146895115
546.1113490113548	310.331404129131
136.3126465853154	798.5316006466373
61.536327388999325	776.2944242077056
-220.88205353657054	-126.3225403225565
403.72889414323095	205.42394223201177
-851.4613918682738	-182.0392986461643
43.803246037793315	-765.1815579422612
313.8467907302079	-692.9834253928689
690.3699694450097	508.6564633411051
-383.25984645541337	178.58895950826764
354.11382436099666	-658.4710435607647
-542.819099109144	-872.336253173571
178.45125979804902	332.2983503136061
988.4418814638107	877.8338197422595
49.866240329943594	-125.14218371896459
-771.8458910560905	438.638292773059
-603.0209705313603	316.54876968968006
874.1742583882149	-246.05155142152114
-136.27916278599207	828.379563963377
886.9607414521743	-611.3409187143433
926.6284023901349	-503.73682005775544
-176.03804846926585	-937.3552149507851
-241.43513017124565	486.9547620852061
520.6842067555242	342.6039332549774
-272.8417250250874	-123.21651903528675
419.5200311011756	-465.4695855209403
152.30636859139486	-814.8721773895755
792.9934593429941	857.8815167691503
-902.5363487569984	-934.7159423464118
-206.44228891829243	205.49509891289813
136.99647460422875	446.3862149298118
304.06737128515965	453.80548423605296
-838.3706283738721	-552.5835625876791
583.5793730583823	-218.62272048149282
190.61267288320937	-419.77071602356773
-931.0143533008302	776.529990004422
831.1299698288856	470.44195014557886
-43.16329988634607	-542.5537534062021
-359.7717149856661	13.03855114333794
515.2852932562182	-45.03924243319625
178.6501380075963	-646.7602192156321
-874.1512136586127	-918.7620049761372
-580.690395853431	770.2216902462271
-232.71735924606514	453.79546144495544
-321.2865849655848	-10.199542924766774
105.13342294372683	-386.20382887986966
490.5435061716514	571.0016416353631
-423.8703291060888	247.18016612589577
-291.3596386488757	273.6608759125197
-553.4261041661632	834.7939363123178
-836.578070115646	-238.21115885001666
557.5510586463065	-143.0162326687689
959.3386247484068	-873.4802359296345
-30.04184170891631	-785.367724902446
-595.7146272836533	166.4132315326949
893.8999445768607	-519.7840851417075
-84.51944713546266	217.79814398338658
-153.98775212086923	-901.3274093343746
-270.0435965555108	916.8726615155738
684.1929206389036	345.5167834845697
663.7855698678209	255.4851081270981
-780.0266006472185	-928.9330727024068
576.2653141825087	-288.2223488693869
264.12926036249155	550.3741265565222
-424.0245442507271	147.49825763615672
-801.3388553410022	997.5589321617483
892.5938123535079	-852.5838500792005
-234.4455546837139	372.5348628228844
-16.5934150291298	-431.76494103311506
-710.6293666890806	270.5957587992991
-584.5899577762985	793.405712966781
-91.04783516241775	373.5656373200254
60.355388252222156	294.25700763233385
-254.72548668111642	-982.4228087182461
-792.8026378777497	891.5865728296783
-964.6579149046975	708.2245182133399
-199.30111870777796	248.05945086905194
-831.2982062668603	522.8241195567539
-672.867987737772	-159.8390233151514
-217.49101097257608	-15.430756107311936
890.2004159840915	401.92077931768677
239.3655899579271	811.2734477097563
915.5392963779868	-859.1595125310578
-75.35601265531193	-532.4216213747519
-732.4071285474789	-187.03834904326925
-932.8990510192912	-293.92079430184606
949.3597625129057	89.06595072569985
-857.5575346115771	-129.2491309920116
-508.08029053421456	-359.50431513889816
235.3236962827989	-131.4376510129191
448.1563294701259	713.4963671468463
436.27875940614354	-436.8337005306164
-933.2820012102853	640.0894403703708
-148.35779608521295	673.3230167546199
623.2568907224247	-997.0713977757916
117.18311758831828	-163.33050694141173
93.81336981625168	897.0851017679377
-171.11136148381217	-709.5174467704566
-350.32436418600525	-847.1889169050335
-200.16087455470392	-919.4624995355048
369.38793167165727	576.6169801325668
-726.3598981402231	-35.178191643280115
-221.266666647919	-862.5014037382853
-446.40305590263836	165.08409100853692
-226.77257155520738	-469.5701302343225
-355.61405765894256	771.8142094814798
473.9061655384771	-346.1612755830961
288.15176693451895	-315.62238713799775
-99.6007232443261	-55.03874273723693
-163.94681142026286	563.8627187467789
-84.80077726828199	382.3461957295842
966.2242541012229	-495.7521638048217
122.6439983205371	215.81427734571594
-996.5281602407592	200.10780337122173
506.4221099372544	885.7160572247299
-833.752483867502	-811.5315045177025
830.2804551566051	667.2304657871396
-359.2284034973443	404.8039610460496
-204.61520522044418	955.8040340804914
264.39362250348313	-816.1377414465143
-387.4718939953117	921.196251187994
841.8814264253219	-218.27523638410025
495.2936597268024	-530.0008629071349
173.5487139903396	-826.3411588887277
-585.0897997491309	-257.14164542440267
-569.7648844671912	419.57641701057605
-236.67238348541514	-944.6509834506273
382.45230078266036	-293.9566457848117
64.47222969558788	443.1347329962837
499.11002982750097	203.9490789110505
221.1438619749149	-692.9827366264802
336.68286952884387	350.06065958814565
-302.4801553587537	-763.3849978351554
177.62108560102615	-560.1995420645811
-925.0333742780879	-167.4095307171608
536.0740457303204	370.6809577290653
796.5120415480526	-666.50705778267
25.502218646643087	-414.4069319241071
801.3331630019118	-417.9205938591049
689.5068364281931	-247.9444268412982
-647.0707520362897	-864.1521496039304
246.33251722875912	-983.0776516140592
358.149170302589	-497.85951483546586
-975.27800872514	563.8324615929259
178.26849225287833	221.19298506022074
145.9626537365043	582.5723883089227
-947.3175556091707	827.1061391660483
-85.10517513823572	274.34280986079557
-440.61767096280005	537.4839281334882
-146.5144811450083	-828.9182927336574
247.7448597649543	-373.45222643605314
-96.61401435617802	162.87138536663633
724.7548291703374	-760.7583062716797
-234.55667396223828	-828.0619563301706
-155.94345095419214	340.9840332200288
756.5287195632757	-378.2845190771378
648.7064665383914	278.57581364941234
342.6720967514118	543.9412105626925
671.0947162508546	-525.5972495892975
722.0324295247406	-287.889166309919
609.7241540893774	-94.67117490937676
687.8329299551601	-910.3803442212859
548.4834384602837	-755.8117742957851
-839.3768975948492	329.69864967591275
819.3009461024424	689.110348944726
689.6635723768911	-464.90108433434
342.2844368061121	75.78366099386608
830.5328404826482	-336.9661965540207
-776.1622444107768	-398.5963063995175
890.437007548335	-348.47621682741465
559.5569141969627	227.49217737614845
479.46887499125455	256.3618195237666
110.86190077889864	-647.2921306465378
322.0230713420033	741.0307061682397
-960.6672727570444	537.5676701049358
-775.3510377944397	-570.8798952263089
-308.6906836981225	53.69995620857617
306.60108327346006	-578.800227829417
-411.23339498064195	267.8527267996974
59.531249543485956	549.1072596240406
-552.5354875603381	328.2314245007201
818.8236747966937	-608.924250765724
-196.14001837177943	-217.71636736762832
300.6018768644067	-359.88555111471476
-762.6408801851105	-273.72449361941005
851.3820113869422	-925.6402111456805
736.5381100424338	773.7177462057448
-549.064140506649	619.9492524086756
-823.2971352362665	-368.8546423465293
355.45533935954495	996.2981364443742
308.5726738623837	-283.73187378255227
-783.743826643929	938.5745210248108
316.8506346514332	-407.2738930296466
-734.9174045808516	437.2743288603301
-934.430455520062	142.63121817004503
-428.7241237530761	-151.17437726007893
-665.9344345169504	911.4857048683396
-207.80601861684374	500.2721397905309
-869.1827182000109	-849.1334920020315
-626.4768067696755	952.18753608561
-827.1420650597521	699.7104601239016
-403.13016502014284	395.976658847881
959.8066668818763	294.76171810540063
899.4349512814692	-292.0082568965363
261.5430209680726	292.9652395827095
-203.90496971236496	558.0168596046037
879.3814898309136	676.8897054675142
370.5048820737518	-18.69190517493837
-866.5748769994439	535.0576517735105
-936.1532552797609	273.5504760531528
-164.33883106738563	204.5480538690731
468.56143834465433	-116.7376804252167
157.79239027125755	780.978851222485
163.8985154829918	-848.2435354266056
-350.30150807935786	-79.7402553151569
508.85629126786694	211.39401093090646
-713.9052874059362	-597.6401952791732
623.3181152150066	28.84760642643255
469.7908783911894	668.1477796130625
194.24012208382487	-684.7087293959704
685.915791788429	764.2047521338036
-524.6700029192986	-135.20915330486537
42.625020056644416	-735.2583648247034
-954.976946527175	-298.8611982478484
-176.47888541252655	-983.9729379012101
814.8698079833252	835.3259738463007
-819.4603398864626	773.3844739303725
263.1039677037618	-249.8392633617799
908.52694060055	480.4763242706874
-364.94323690065994	459.2058934915949
-278.3710767986904	-267.69163268130967
710.8716571985619	-223.23803892067895
-721.7261672138052	964.8108148673957
-736.5465069264458	994.5896388177284
-27.62802332643082	655.1028164084387
-983.346199234949	-817.9258883140093
998.3046490505642	-939.6387612795368
570.7828773823392	-602.607254561535
-568.3140604142836	192.01134890541266
353.405145362193	-75.478558402168
-378.78606617834646	368.2452214599182
-860.9518362806592	-70.92957502410388
382.22459259420793	-18.26348015020858
-81.21830288134959	-117.21217053727378
-212.13050318112198	435.83804889635485
-815.3113593365114	-866.1313718577921
186.36932265441828	167.48924124747077
263.02977386135535	-449.7247658387864
88.54239607754289	-219.76643200529588
673.5347439764419	-348.37253366990467
307.21413703305006	883.6366628159547
659.9630838582816	-723.9569265387793
-357.2162558221537	367.47022129634297
-687.4769803995371	591.7526381972871
-85.25579436716453	-435.67040951292427
-203.45859319582064	992.9968996214077
176.15418076986543	-186.05098963456123
-339.15970442827813	-468.6859232913034
-469.1472303300868	167.18584297194866
-322.4509865745222	454.00483139932317
746.3009103244908	-584.7130760466991
-824.6711390019234	-56.91528443430798
-416.8454434176738	-265.3728174603116
-509.2542542933629	594.9329736797154
278.21218816390115	-760.0198735273198
405.88452598817844	-753.0202279991715
-554.2856546264925	-628.9834850543982
-378.4766171072629	182.58167843083493
757.271635159005	310.0479920774069
663.758749977887	283.1659838406558
-489.5018807752112	-685.8280935798235
506.20192256950213	-351.50089849590586
-886.7894945698351	-844.8828079637029
833.0901855506293	826.0941321986902
-817.3561495391748	-286.0871832596297
-122.50382264960001	-798.0289574150486
409.8837361845551	353.56645589126765
994.1091239056357	-323.65782399392003
561.8838684283296	813.2783449988035
-712.71039127484	-404.96464939389546
-504.5676064238287	-134.93603418351904
-866.2278840405968	559.03394971994
-242.35296225619595	592.223689673099
-155.7967034712657	101.26594449406616
-299.4969886283345	718.0378988448256
27.49105403024396	899.1385646642366
-174.5992452149261	-215.62133893318287
-513.5287325253746	-569.2955497437779
-215.23081832595165	9.488781970130844
-480.28930722473365	-829.6631707288975
894.0421315050362	493.04819319285
-996.0890163469564	-69.33344173169598
776.7188817280276	-425.46981946639926
-320.3378813777517	-346.674022909623
802.6249354798276	-36.79425841208479
-933.7235846832912	-183.98658097228497
-920.8658524529739	-343.1864968307168
-9.043038117461265	-704.2587840283054
634.6378024290127	903.741230209034
304.58391174986355	783.6312023491355
34.06237011500639	571.1183563766913
370.3025362825806	359.1224298291047
-954.9938588121107	69.80751485008886
-683.7798238719172	518.0117870595161
400.9930375689553	970.1964478492798
665.3599372247918	600.1111773605503
651.8505741553245	224.94770537733598
-634.8719903554995	-89.99704508946161
877.019081839366	-919.1037089624854
-398.27097052038823	997.726402126845
-436.42441743343466	-684.2990843425114
-447.2870326350078	626.2101973157808
-271.72336217166776	406.7959765401531
662.1203400902832	123.10462427604739
-602.4896342320073	719.8049248195896
-693.5515745585292	634.415903670545
-805.8972824520969	158.66393447065002
-63.13721134628224	-561.1158115689287
-342.26290998474803	411.3270543497547
26.7554545835917	78.69627097916373
264.33345183793085	-131.783305201286
990.3809592394812	-662.3362956862651
984.5692482771349	237.88314995916903
508.03908230728825	-485.82178793336084
116.39850921197262	-490.6401085378001
-102.35821088408034	-293.2731462414795
842.8835917825811	-525.6480768492695
-89.8141624837823	580.9596406903643
-878.6540998756509	-581.6758050719244
266.0798855890039	-61.26660892275356
528.1683772140177	771.5452573171872
-3.6685330997008805	-984.144382811521
303.8943562653235	-881.7161361891997
-262.88881542635863	-574.38072796093
220.4713398477354	-456.4116618406981
854.7023121357349	997.7372803091828
-578.3529129285283	421.544170037542
-462.1063262395712	23.25284090523769
133.71046776676008	776.175218225063
-636.4791772387406	-805.7663907113352
-663.087221987132	-854.5160538145504
-760.0848456795843	558.5219663792984
498.6430444595744	-802.2196551789265
321.82561600181725	-898.3914469167433
483.1291816209871	57.834392058776075
695.5555721638136	-31.97168373025977
-824.6563402022531	-70.26816980452338
-888.3719714500478	-384.5790114699945
476.1919504906548	736.6890192356732
-916.3043785646367	572.7419614226751
636.6215751274412	-490.8696021580203
-719.5261494951355	-811.7007838918441
-67.51901356474127	-631.2010554607273
-948.8254795485278	727.3253924602495
689.0268249838039	-302.17220595037486
275.3681948896051	352.34365263559175
489.6028158533218	-784.2438040998722
-216.01110079223633	-687.1307538856868
-771.4608873527018	-333.5845590843518
-274.7273933750272	149.09365684496106
-547.7410156035401	-771.8928029186953
402.3343868003544	-532.1050131565516
-226.72531806544112	91.76147802453352
-463.48961261007025	-711.408516319606
-930.6176701434348	-388.50600226399126
-678.7808081510639	780.2766644536073
-159.39458904047024	-208.3602666223179
-931.1163577382786	388.0409171628662
-16.375323628738556	-548.4459152845649
683.6500058588917	574.7968882382993
-112.371038257647	-405.44968075890074
-159.41926131314574	-300.81056075151946
147.06339915488456	942.0817023983614
863.0979984235034	374.9802463119265
868.6322612314193	-270.9129005693487
-898.2046471302518	-817.2819059103242
-727.6998381847992	758.5560332601387
-345.20630007129193	614.4339003140169
720.3803956911727	919.6259091900295
-773.9255128889051	100.38245544056326
381.8418402667428	-864.8829154422568
-961.9889097804129	631.970171715139
88.01063524657047	16.594095745297068
147.3296671939579	-990.4002827359757
-487.77948991506355	-625.947578311776
25.93388573238144	232.83261788000755
711.4892562246384	-554.4841263662645
-388.07930394955383	360.9808003349342
-123.50713991708176	-240.5546654457587
-569.5722167208963	-682.0962912615196
-826.670341660831	-77.60631062249911
870.4720973668454	-487.8562308081363
-891.2426083581797	-141.99817294006925
-259.7649808949923	456.12241430422273
667.9085669509043	-168.53043106025382
-585.1131908606926	-988.4642571066399
397.2755418866309	295.84128942818825
38.24693598293652	-367.27363230766935
639.9839218240986	847.8374040468129
122.52640242448092	-532.9929147289736
-237.6119197056994	279.74787815337777
-582.2429820989407	-18.603579803941443
-53.264729845452734	40.729084070889485
-642.5430571190798	188.3640146824364
-532.3604383380293	-617.7662341622452
587.4349497842416	-90.9764907584862
196.74269133876783	-22.206145439014563
443.8234477899466	391.0359230591532
-559.6274653743212	479.8364186365841
54.784534570801725	-506.9005777828168
534.4023070072271	-876.0324231402597
844.9727752090951	-666.780526801428
793.0985982267318	-154.99551846787085
-893.7564270372795	-604.13175525507
541.5648827733767	-540.7432870159179
-663.9539774047365	891.8513480197241
709.0909877816327	798.7123531916011
-894.7846017430323	961.4470869893728
789.3751452193185	-904.2244661298205
772.7157129888737	-837.2790074425409
790.457039196582	745.0096469435312
-51.729336469736836	520.2782553949512
-677.8907363408387	544.6402636211067
-598.1955023282219	-815.738758282772
-453.1447009018981	-79.24527930143381
887.2058952600528	-175.19049838564604
-489.54643357386084	694.8872053598327
-829.3780885245608	917.0870762186498
-440.41745592771827	-871.7905737725741
131.35919030628475	-974.1317413536894
285.5595502295355	-956.8107926851601
-290.2732514590316	-628.2202320415456
-191.08762425084342	657.4302497275253
-722.81689936401	-836.1051438362439
-320.97255213317294	299.74696560802363
411.7521987001646	-337.6552578778633
678.4427682424994	623.3980269435729
-423.3459913370974	-8.919057747859483
505.00847793081243	-325.5889900055014
143.45290893413676	588.5163110962219
167.89386489277535	-770.2204042471758
332.40812489662176	736.8825825590186
-783.3119647837208	42.96021717748522
-773.6474271959886	962.4642624847468
578.7759393025824	-115.30470921072867
-789.0491863188051	-51.407208265064014
718.3981000519486	940.1045067541627
-169.54976863753996	-341.48356538356927
-366.93466137779467	564.9396829975699
733.33681352238	972.4523096881317
293.7168925104543	158.80620878922673
258.98289033863693	749.1363051789226
288.1122993246606	979.7861761294944
636.3875124269168	545.4424522167128
-605.1199029831433	629.2893032978311
57.76562546924811	-137.78756046774117
588.6422574215612	904.8824164209204
345.5729963151846	169.57577257414096
-274.2175333425572	-375.00318810926547
323.0628911392321	21.352755438952272
256.9169883149607	-438.92507716759303
-926.5715973862052	-889.3675851737364
-185.38811513001292	-215.30947820256551
-927.7357768872391	-750.4888933941941
61.638166970737984	616.7683293745661
728.1462097026044	-978.7456706891087
-508.99349274220526	-689.4050145004544
-256.0627555159467	-289.6710521743868
616.1789856813791	-542.1880242241228
877.275426724312	90.26251957070963
-936.9603150547463	448.58501765662686
-892.253611648276	153.13324192747677
36.33420908263042	-969.259822597468
-186.9402398003972	680.8661336021601
902.267907607423	-591.0762766217972
536.0375292791871	516.1282234077803
477.4780063346677	-582.4117240099042
-935.3363595846909	-737.9955284679778
-787.414121475144	737.6482847498573
657.2078943319989	-895.0567232089808
937.7956023308047	844.4846740414973
931.0060359944573	428.49998994318776
-723.7678508949668	-989.6863973642878
-468.88086579375863	-897.7607029209125
-453.9376111757472	463.4192556570413
5.299483028262443	168.90514957741289
550.9010903596318	-918.0160760308478
-830.8844048486026	-636.970723168333
-665.9019236059464	893.4798827541435
-642.6631019043634	272.5619758668606
76.79192891572688	-196.34333650938697
454.4880444605071	12.37830910520563
987.3195813528291	-928.3801786949723
307.28187953990346	-440.6505872961277
-259.95567740992124	-599.018116675124
-562.3265530193942	-333.6262818077222
-297.92892661072585	-988.4798047147583
67.277587820711	-311.16829081706237
206.20842013167749	13.063079890159429
380.96238910574607	-5.811171880933443
213.42821202939695	684.7603624920773
291.60392090652704	205.9011731276546
-436.6255485758053	-68.60648992000563
889.3121058332056	744.4322655385067
81.8896829009102	-649.6674050023305
-24.145750003459852	-288.3365764928308
848.1403242890428	145.9978984065533
223.37031097441536	805.0839146728827
-35.96836796510661	914.5142341451253
56.77754263085535	770.0871863280079
-228.84679209195212	29.146914533135487
337.9520457177516	193.2866854739134
-598.8786031744621	919.1052265738344
705.1689249202907	202.32377974196493
-739.2714308466044	1.8796187135627633
-2.3039094499765724	179.35069030425052
339.662125548527	-313.334659749549
-235.63038124385935	231.0303950924524
821.9450686472205	134.89671930627946
296.1959432474032	-634.3691268636733
-321.2233750738966	667.2922833194336
232.00961309432023	67.86301630008029
-157.1693774327565	929.9746246618333
485.83448728031817	325.0386364892627
-338.4736794597045	-826.9106044746404
279.45913443850986	858.5034647956986
-252.60479635266188	-171.46074609455945
771.2810571118869	587.8402573580374
-713.1399555721871	454.38580605060315
-766.5656972656402	-811.1603039407262
58.67118854834416	-927.1241886473291
-502.5872776086071	-673.7837199086432
-669.478305611289	551.1650728275724
141.42186521356962	-936.0224278369058
775.1726360432792	981.3139561962978
831.8947557484119	379.98735620472803
-48.237346263844074	-298.86222934971545
-95.68625218500597	941.0731107802437
42.221406512006524	-888.4030927142239
993.4956820964815	377.45667211703926
-918.8219447994377	68.74137696691582
161.01575437059887	-167.26684165582253
-177.6762006637116	-129.46984525507776
-551.9530341398336	703.7597202938853
39.9187191625183	235.50430601733592
957.1026049752099	-146.57812251279506
734.1070416079119	-817.7927289450262
953.6544184329018	-40.910144607772395
-48.00937699593089	706.631256204065
-436.5222238518587	-883.7413137809717
-888.2591191837936	-432.8508793598469
415.02066410913517	46.940023460441125
-643.5015313104698	-339.8640915181785
-321.64734954020787	388.5804893006025
849.400684660653	-519.6264561179487
-611.4930553996476	559.5682058762393
553.4276723918517	-83.50223927925595
-799.2471665398164	-325.97053233319025
-457.79443724989653	-459.5605155634637
-733.4203429363722	968.4803697851264
-162.45316808043128	592.6647355058924
680.7042594266948	863.142935144685
-309.02785025793116	58.34042170474936
619.7199648372605	-541.3178849089248
-100.91647936431423	54.21902073436422
-779.8862804074871	386.34686941081554
-607.7984559049855	795.7933430783789
87.70938341471424	-703.1169589473283
-111.24267438872869	-682.4868302422669
144.18339145166874	-249.48580064336534
554.9166558185275	540.9700674178807
2.426601053151785	-819.6201863453248
-59.62031507888673	975.1851627985909
-275.68130542084293	849.0114692379091
930.3910151000723	-602.9996689318587
12.665612921990373	918.0517411313203
643.2558758791315	142.24385223140212
216.70696147477747	262.82514668019894
-874.3552372851084	754.8564303142316
557.4130544437435	109.45813003066041
-253.29682017318783	480.5161333933838
-37.65348549406485	-441.7807532982307
520.0437814627112	-415.8623201451486
-325.5812891742145	-522.0148914737841
77.17512349280287	315.9880698713114
-662.1816995918399	-730.8919467863337
902.9691844989409	241.98989688389588
595.0463989781115	954.3497841959033
-222.2008702530884	261.8516769840103
-756.0518454755818	-459.11714517240034
-127.62086038581958	890.537635427972
-758.1883734059309	192.67362685093485
869.5468199546863	252.1602233183512
-546.7472762631897	-840.664664911834
-525.091306176114	111.4411024978051
951.5685229880974	183.5737346253634
958.3274445793229	900.924097835416
-288.61599786089755	443.1004696889861
-781.6725037230993	141.50096933080567
599.4274033918412	-232.3708443060333
743.6355696310802	-852.0537131273604
-766.9996320247938	-214.46332470842378
-685.7485105622754	87.41871692084828
610.1898092718393	-983.3692596476877
988.3321732255965	-964.9359305530741
638.974190506583	-793.7177797753099
-857.5969094123237	803.9197146534775
-245.0662366786762	-971.9260200737262
341.85858713000766	-34.615321439147806
278.4235266986507	-658.0481102837919
-251.13849127392803	731.355887280836
-588.3965396971739	573.6223525251205
-498.2099641882749	-347.171045142606
67.53586621690374	810.8190581406375
467.73743827808244	330.62449997672684
-580.8444265051291	505.86725729652085
226.4628482662756	375.8784653836319
297.9517142689558	301.368378340263
322.18177205147936	-684.2095092385756
426.0627517245771	677.5007303333971
-399.0437917841392	-286.8199011912192
429.3244306343943	534.7416316870949
-222.29425237960504	-891.6266100860502
-77.19409604742737	-237.94381272107273
-34.803713338434704	-599.6734559077393
481.45547206770743	861.5923200879729
-473.86503865184727	427.3903335080204
726.5772447161091	-3.8565475315401727
-93.02459241426413	-810.0382146714022
424.7173671846324	682.2482633812533
-933.2201830727456	33.35944911075126
670.9950818604977	-90.23923111469776
-644.3186393548087	-771.2705054979069
-621.9025005801943	-460.7062549324281
708.253521114003	186.07659718111222
214.57871262059757	446.66713136750695
-916.9806076604217	870.1099091220767
-260.9147082682101	941.7943428762678
-626.8225598620518	136.76686322947876
-259.02220215714	-626.833995262297
-8.063723257110837	-843.4141442602405
-347.51189367493134	193.34230544594493
848.5656340024887	-28.894043612093242
20.20860956748311	334.12317665268597
-422.6208329400505	-297.25309805848315
965.9763543828233	678.7081056151769
850.618518478575	670.2416318052103
-708.6925097347255	577.6430111739332
549.7351532949738	-375.25159712747484
821.722800877644	-427.4843995816493
-111.98578030146473	-171.05319735953105
-922.9031220100794	433.2383167269734
-254.8619066351938	706.6840450096827
-240.36262390778052	981.9694269116528
-273.938245229985	-905.2735015560154
957.6236650687167	-585.4862494274585
-920.727791633871	-534.3280437290651
958.1434190019227	-25.542837953392905
-715.7094846468897	-295.5503422845161
323.36105209717925	563.0498857137572
-186.92595869105253	-278.5834824057358
-418.830069220189	895.0423845227176
-284.3829817052565	-882.2721112077005
383.41608674203576	376.8064584248757
-619.0269745583765	-232.63504942938323
-264.05429722797624	-631.2491755763504
201.60833815713545	-966.3529140769053
-237.32941123732496	445.87746560340724
-625.9640259468247	215.50595349193804
573.7162767879015	959.1737180629364
490.28140600841994	115.53899584225451
-551.0291121623156	824.2252469033065
936.9583930713625	-452.2640564232314
-333.86768482146795	432.48120746569225
423.5504940518704	-317.0023202436088
205.86176847573074	633.1875718951828
909.0546355253377	177.7589643674337
704.9507335893225	566.4030586142987
29.759704655115	-765.3455818795701
-196.0189934326553	-133.01567417776903
-769.8408193194725	-453.10984852536285
41.21116390318798	495.3576669042975
138.0576917177284	986.515525356016
-938.4577344812499	-64.10596616205044
-790.3719985394592	811.8801834189351
727.6045547730218	276.497512910503
414.832330121674	157.21234910697194
-770.7961084785204	-566.9163079299883
-561.264434651258	-298.26825288317036
619.5891532609196	-641.1308911854123
-985.4635087667481	-763.0082471134826
-736.8527396741678	570.3077311853679
-173.91491773684947	384.13115961467815
142.63818563699147	203.78451458820064
-282.44234118468705	82.7821514018085
158.57023714154593	817.3953318057302
816.4747611548494	693.8763118723036
751.1162803690127	-76.73896242109231
247.4481927765048	963.3242218566945
-135.27836957787963	-583.4002235295745
-840.8427839844	-998.7542199196087
687.7613464924743	788.2797785033706
300.366014294096	730.1020638163423
-999.2785971324332	-614.1898334412219
-72.32462564986531	497.30307544697916
502.85198391242375	-347.6676715988418
-581.5592349246417	172.47889843606208
-786.2200592628471	530.3262592506462
57.66760981004063	-367.8012559300146
402.4538218928035	-3.3814791414481533
879.1999011668897	-344.921119618866
263.7798411529975	891.6570467363017
751.564757993448	508.87761201738545
-840.1751890623706	556.2520553762745
-727.0887895924182	245.33552107733567
-467.5098293554396	-622.1992801157542
115.00712065565654	-518.2160457035487
-835.553722700378	458.9515695434984
-963.2721345748452	481.7677517555246
328.6033970466374	289.63462802538766
-306.8612631830316	-157.8200057322257
-323.48109978747823	190.30062145449142
277.81728325613176	390.59991391995936
144.95998835554792	-194.79711488285602
-467.20366858459545	-159.86300827856041
868.9609872494466	569.2269451553434
794.3328486544065	-458.963393488443
-868.5629459296317	-294.8653134354173
564.8197255255791	271.2410939053948
-245.4057675576995	-427.6440709317078
-197.07314251512173	-190.46364127325614
-641.0221663275082	770.2294273347452
668.4247214057812	980.7554964593817
-776.2974929661434	529.7461212308524
-382.3444378135947	30.65226913862216
-232.16313214405739	-743.9571710317123
983.7239814689817	984.8085523562561
-357.4526512102991	281.4757106875322
-79.76659972257721	694.8478006775053
-403.35833126108776	-151.70055775894275
-405.5146306112456	764.9430054336669
870.8901490145472	226.5858363693153
228.89332421001427	-694.4574273560085
672.7860538394693	-663.5219939784114
818.8489028099705	664.409786839416
793.7917399281721	569.4192512249549
698.8462053921173	-387.21274948840994
311.01333060534944	897.2939271651785
168.48785620938975	-247.2427838343532
-466.7739562134494	-177.4155909935056
78.22668005801847	383.427398550567
748.4574154971426	87.22405405309155
-300.525932756849	-824.5507109029486
980.4977341746896	-421.32854481242623
-955.9178984856196	-311.1129128207874
-276.54856864415956	184.21954422713293
345.3742531969274	416.5359801834479
-104.55496522231783	38.71656985844561
516.3593922453254	-606.7313146039562
425.65006998418244	314.2932153697411
334.28016520665574	760.0649032042415
333.95578029900526	364.2926602140501
-787.5770219918778	-981.2278164573436
763.2290412430543	-166.3436905174043
-271.43338209105707	-699.1970051892187
405.06403716578257	777.4799349007021
762.6035868874037	-673.8229445416489
-745.8614846784644	-669.0424841467584
962.5830224097128	-360.97850599306923
-103.60879507426989	-124.34741801611835
359.11163382279983	759.5157414304665
292.17329379558055	-951.5317621756551
-339.6299246623671	464.25598844310684
477.8351930873721	-318.7393594152983
871.0997369339295	-87.31559969362081
706.2660793837413	-706.3077575500909
475.2502872079108	-991.0471634845985
281.8054270912701	-204.27863198941566
-319.5652562660316	-321.426595995767
138.46463915790787	-693.8858414022807
-911.3468936836098	900.008573443916
-510.0878681375871	356.2489197453051
184.4602332285899	-284.0390318444008
861.1920870626445	535.9317551810964
270.03247041790814	-466.59439464716445
-985.4537448531688	-152.59563166246107
985.1484096126699	-239.49955846762225
551.3818690132407	-297.3510632175718
-69.06708456816068	837.0773026520458
442.3186519803446	93.68517433340458
412.2472694461228	-497.3828105807583
798.9098286441997	-831.6844605769916
-360.37365663651235	-123.48206993852239
-65.4724999100871	833.6834464428052
490.8628017707458	-771.6650920998736
733.3274520707253	768.2033946568699
-293.6468813116991	-173.62934020368436
25.68880596755139	-90.83988467626773
294.3185975920776	-554.4809650304139
87.70847736767041	-583.9667446616885
551.2847120129725	-101.88135020951017
-63.794192945676855	793.7454375871291
197.61471355948493	-858.9690601984765
-590.2241626866909	-379.1572320496499
-593.7031016811485	-939.5182678704579
-981.9117099069798	935.17296895201
306.26730990781743	-784.2363421922507
-895.251091312111	904.0927632820549
527.498539437252	-2.773991255859528
934.7553648983514	-873.0466637472183
-255.70886655534332	756.7337974717475
-539.6749932975727	965.5993428899151
-467.5426154153413	-756.9540437562218
-395.92651497849135	-656.6714764095962
522.5911776689336	-918.6622642796052
465.1746296989925	-183.37044783385534
-260.8486341521341	-313.1288154791563
253.6697784707128	-933.856355065313
-501.2368381892185	596.0758091027283
-737.1432873622939	-768.067983636232
-354.94155866663175	-194.76981552359018
617.7153134961088	-719.3855992150084
740.8087271784302	-419.5434021852476
920.0143710472887	583.8441520337258
-16.469831466978462	326.86328460720483
-280.6060696283092	75.37332962989308
262.21226905185927	-757.7083673240015
-615.4713112828865	-750.2582867400083
748.9512151734641	122.5050397699215
-256.6676467604676	204.84822706458226
20.962296337027283	-650.9110813844396
427.6583878191186	-959.4123748318361
514.7680079181434	-917.7488148291328
687.6378847775347	966.7142313119591
877.6683560652884	891.6718703031963
227.8146250992097	924.9670013763446
-908.0790647693029	324.627106919231
-1.2343066988597684	557.981504122165
-729.6706987093723	221.75108888935824
-632.5069159096506	801.6883383956672
-772.6549732879457	346.44752236081376
52.42015723318423	-769.3562115092114
385.1781632117236	877.040065748854
116.9286528808052	-56.857137926275186
-323.3601574640393	436.4503495551487
818.8679893656333	127.11475492745399
959.1092979301654	138.892246249844
-245.98933525873076	762.0607888736768
150.42341226012923	913.5510669363487
384.7403510057461	283.5082579429434
318.0707024332528	-965.5471824551494
-507.49909078747123	60.12522240880071
532.8925844473406	703.1485115337973
561.3154044332512	-859.0080768919938
110.79355233255478	-225.10026986619323
755.3503927976474	106.31289150471616
-852.1372042590383	-953.114482604879
-336.66484363140853	566.5127042466206
-601.3022049352687	465.52554446535896
378.06852564412884	803.9344194454172
-468.68321793281484	379.7042875400425
857.0557056336938	-753.2239451104303
-500.8149951935319	-986.6157076062751
146.25353202783776	-434.90864347580293
-965.3761670174446	621.9160763469295
219.8864988081889	-363.13931103988216
670.2381025988111	-398.446892189904
315.4968608240911	468.558501990434
237.86657112576995	603.6206448146593
-390.0136739497715	-759.4244355494703
-479.35712583975464	-937.1823466670423
-52.27801973324017	649.1852607010496
-383.53147232217475	364.30351954483694
372.34698641580485	-592.2090481688444
-422.8001548723656	257.38332394633335
632.2450644133753	-240.17802566030207
935.5199097719521	651.9667322985995
841.4017812358918	571.7515816331379
579.7107187591432	-990.6320674716534
834.4220159213623	707.0736920071174
74.74635628930491	-682.1116467402242
-183.9432584427683	-30.06637390683761
230.98118355867973	-361.865451649408
19.255350660109457	-700.1598065751948
29.28911768468288	-34.36444777833492
780.1279351855821	8.183731553055736
-963.4423765376512	-613.8481300101803
307.86256800574256	-659.8962883702111
429.78029295162264	-169.39762923671537
-296.5042560095774	10.767684068561948
142.71431843110122	-676.812616222435
-512.3566749641908	-721.8286033522338
-656.9410399336366	59.41390277779533
-223.81742060523948	-127.43098369500024
-632.8233877273633	-844.677730557813
-863.9727395439301	267.37062880499593
294.21584395506443	744.7687907975196
-684.1239821157774	-730.3247477958565
-991.8609865154555	-826.9774185080449
-114.65076042519854	-80.29093217543948
-207.84335518587466	-643.2530941351289
-814.3741216927523	-868.2030231269727
-79.98965459150304	-662.0695088406558
-239.59458867425872	208.3030548188758
833.7747197665476	-446.90594662558044
-129.060602069178	-299.5979294685271
172.9454065680975	574.5183723085372
-504.16795369045354	-932.6267951694263
-856.9548467873849	459.7821057752071
-780.0572674123254	-648.4202212413861
-372.9407170325778	-208.83406631817468
-984.1179342496287	-970.0124244408772
801.5780941237317	-923.3855862040199
-647.4655337441852	-57.06289291955932
220.19314443627422	-315.63029166942385
575.2839917270526	-886.0043183040518
869.1311507630044	-118.86400091222436
-582.7660035121664	340.5421981342686
883.474552901768	-548.7981555155254
129.83632374791569	-282.3249697989612
988.2702815396963	-877.9915341728375
-859.2306017565195	821.7579651016524
-214.33844163168044	-785.8952365656937
-843.966661493176	447.2735203166476
-107.8972966201053	-113.38403519381939
963.0266221802779	-502.70328586628585
-640.5535961732396	-683.8780722983331
533.3887017781449	772.5821876801253
-813.7875187715398	712.7200783221936
380.32392802975005	889.9448837895973
733.778543852975	42.090080032514834
-392.1240018027505	482.77429331056965
999.9195826119301	-31.366086695837453
-852.181863039043	-144.57868174916212
319.7956038002187	-426.26005301041323
178.83599356329796	812.822300954794
615.704694207778	-69.18946209233877
-234.29188408767243	-715.1718611519906
293.9947978379214	461.54003931007514
-846.2298526498528	-272.3975719624933
23.42801058141663	894.4685952355451
-802.5064482697126	774.6308137869476
976.5671385642777	-822.1941327189921
362.27792526370445	452.6572042882442
-678.4975243237603	-907.4578187000777
627.1224929312016	419.6282806268971
-65.99827690059885	436.1615250252137
-989.8524240037015	784.1307628144439
-778.9639180924983	299.55752610205127
-889.1100698025612	-689.9768070226937
839.9709903658709	-747.6022449485745
-243.2181147110599	193.07778553115213
178.301206913015	448.9274560085528
337.52146494807243	-911.9068692517444
533.1052080144918	650.6471625630172
1.2182822240170026	507.94420364173266
81.01763807707516	306.482719599014
69.36481638564214	945.1848089835562
350.69359681409674	27.296563470192496
-914.1270033916676	389.0120357849962
445.9500651985518	954.3839809309011
126.87295625664933	999.8278001778313
163.31278588489317	609.644222814801
-29.222705360698797	564.6157768951057
-267.86923967059045	520.0037466128333
-224.71630079323177	-838.9657005921936
473.86180534750906	795.6245929546053
-542.6768767083718	477.0328317838605
295.0324453806404	396.0432291140264
-935.3890115394304	28.93659114418915
-115.54565890243998	-253.30720545683016
304.01010975041913	980.9303324650843
52.58096464291748	973.2340985153521
842.5025610095975	-73.36588275512293
-233.80721805047892	-133.6697193821434
-152.26111430456626	-750.0825945141185
653.3339747510738	-700.642392768055
806.893709219024	-719.2542654380114
440.86747595257566	372.6607698280659
279.18926213627947	67.14472665289964
-900.7813005543265	899.5914133786575
802.1501115228193	-32.837184892777145
906.1624429443216	-142.39731818276846
-678.3457080967257	-415.9890271704545
-582.4058429739496	-695.9392291875868
168.94126424583487	254.643458772621
-577.1447659797268	139.38997667273338
-371.6392461088027	16.017197488674242
-973.2812721398005	202.67679391375964
-123.00563245640888	292.12512159076755
-676.332427147318	-172.83574565268282
-148.9315807697045	-202.74543662319047
-616.479483778957	764.996472131686
255.7370069370652	-25.528967914385248
-824.4246974561026	998.018199565212
-310.83497793547576	-934.4411725005766
-619.053527855411	-185.32563697025046
459.5494055339966	550.7972200553172
-839.7592283029644	-961.3189349706383
931.0129281194479	240.1880387042413
853.2411340513854	-951.3770808215254
-256.24615371630296	174.33085598227126
-126.83904619371413	-773.6624367042821
-272.5263937447029	3.163451500563383
-144.57427594146918	750.3894879279737
949.4469595706191	861.8637509385387
245.27611155991644	977.7694437165248
-33.357224813282755	394.5598844330202
635.9118738834982	700.6392394441623
-54.082275592077394	-458.590790377821
-931.7715063847025	-724.2986070925858
253.2378436647141	894.9776753880631
-997.7200645192612	-704.3682164313434
415.01658170263636	-94.85290742621078
905.6669004213127	-581.9043979347894
837.9647721221772	629.5271960140146
-817.176675310589	-898.9499719032385
370.729532873517	-742.3176600256359
311.3588539836794	-951.0340200049699
937.9325226523529	475.51398346574774
-890.299380082186	429.75401240754877
-172.81726573295293	-274.57832577489796
-231.1614700038043	716.6040178745616
232.0565186421843	-6.841573488728386
551.0529057371398	-832.8927127103309
-975.9462608483318	398.0694362007746
205.60792270547495	481.2460543897382
-279.04964540308777	-844.6868245958448
891.2973105464191	39.140869356124085
-732.0921333747867	-531.7191219805193
-522.2101139903108	818.491948474961
-174.78276021403087	-210.1208399969297
-464.52963924763696	-764.7639889168685
-93.51161652253268	701.1725586167222
808.7582558827578	882.5287628930319
66.77347198072516	-716.0769737225135
700.8138078631403	-504.5776890128413
-497.6546857636559	252.80683739534243
-219.57015990344746	599.1883147234778
841.7528443539725	472.56279494120145
857.1209071260362	765.8017138925743
147.12585490852848	-725.0345042320309
-289.7903406284281	323.7732234748071
998.1615886424333	-887.6339568953107
-58.931923150566945	-71.56266843529431
-554.9861679979149	406.80126607186367
-703.5799799774007	214.02120434085077
421.64115937803126	-272.15292098500004
521.8223286995362	-593.5216835169226
356.8766974394482	741.6308711435984
660.2475860320285	-433.77852886951325
902.9968695859329	631.5178042282387
-893.2942232984612	-44.83208218671848
534.6297024881674	428.44311650352324
920.3667433274175	-912.1273465699444
-911.2108626034427	935.9271535031705
863.8177399136614	-938.6890354588471
815.5110070728529	-727.2820270095079
-186.09995745912158	-94.97979014052919
891.1053501994647	-990.258330089659
-145.92884935380152	-93.90076590932676
-807.6747160562168	-125.80625510539357
-399.8609131784043	732.1442598405147
-154.13095187314957	-60.788012363311964
-41.92288075195847	503.8661377631049
-555.9153969008288	-867.961112618505
855.4932800711013	427.4457824138019
-904.1499099429113	-956.3434027150562
-409.74207974462604	127.75257270651491
56.055250792562674	494.51905478485696
887.3925667333094	-648.3970964328487
12.16364184589304	762.3809178683211
-300.50554812194605	517.6940051638119
772.1988942646813	453.68862502367347
638.6825123501542	-712.5280099648626
647.0810248269684	523.9207926372274
-79.18344682762063	135.18865520434724
-756.367016265574	209.38364412954388
-869.0230951570632	-779.35588061514
41.10142402976476	563.3945707077735
-251.9192113291948	-451.8382217118468
-839.194594940708	34.6978611633715
-949.9044541713273	-91.40633558182356
970.4903504230906	-511.3762493039855
347.68903574380965	-677.738808261226
510.8826316603015	-906.0730203694316
-849.9368681177652	-996.6645299418007
959.6482041421525	-408.9212737628138
622.8425517690205	-468.2446513351606
490.4485050550584	-431.62544821383267
504.3592941381712	441.0883664065652
85.06484990451008	-835.556676343373
233.16833894737306	987.8645643215812
114.7323033575426	907.8012364088047
980.6250150179869	818.0335587930967
253.18232576662172	-796.749865245808
833.871633711487	991.0415176147942
-526.6253973709505	-95.88249716163216
61.019598499213316	869.7986518561997
-654.7658670209557	962.0668801211375
-410.4553548865282	228.60234853080874
881.9778874674048	18.001330648823796
289.43845129267356	-65.16664817945878
-597.7233736892379	-378.96290583657617
-50.875904867885765	489.83298643581224
979.5188836598049	264.1359134200027
-230.0670000520064	688.6877360371784
-14.673319500600087	338.30492200488607
378.37496779599246	516.7363913961806
-823.0564151964041	483.2210997409534
-897.9320424068968	-149.8764888979531
677.4727781751592	318.27299521726127
260.2625717712126	-642.7758429345711
-215.0114952223605	873.9417823007968
496.73329971657836	552.2525761279007
-721.5230429977504	-314.47611012987636
525.2997463024792	-808.4062331492535
-224.42054869881156	969.8152887822682
258.9296386495596	575.5721060786659
-959.4730168512137	-186.7114865587414
-484.9100662908787	-519.1281094002558
-756.7281089057429	368.9435463294735
-918.205569166229	-446.75162979490096
-838.1092741371608	883.5426070934052
387.1334154564993	-321.20401674184666
-459.8826396708664	174.14466695536566
-568.4574566003723	-575.902452350161
-310.21684209154057	339.2724738709435
-751.6275986355347	504.75763555412595
696.2385336079271	409.9413982448434
430.2594507999156	390.7151112118063
930.4992494304172	-612.4568772788671
-230.68823771789584	-298.4474063378053
-277.75680023648874	253.00057286144784
546.5995317223635	100.41820394319802
-394.46766530584637	-158.2944439807119
612.4110424931732	-51.73186300027078
30.947823177658847	-982.6925078740758
706.0700384706515	-873.7482412599861
-881.7311791156687	261.1932896464957
87.45806330125424	770.5506079682218
692.4703058080077	-711.1695122826866
-770.2634652232647	757.9684140231666
-643.5475601517524	352.50663418679846
-310.86365218832407	910.4775607638758
-837.6941889110287	-36.486756265628856
-526.1659313074065	-153.9064235477465
-705.7588765714846	88.90747847616058
-914.678128505741	-404.32165294610513
-459.0634848436697	-803.1576090036469
-404.5030288737171	-250.3158194011976
722.7077856037415	499.3142252924292
749.942467549751	313.1333277156514
-390.7210951187128	248.2959692095601
-68.07544271827635	-434.96346658731056
-546.9594299239735	201.47886909772183
108.99767332641386	858.0228514884404
144.04613206677504	951.5998070748651
46.739724311391456	27.626379150158982
375.88308694255716	-411.7954587938084
-122.05151246674029	-708.5100716092898
-600.4964331024291	-72.0510205875446
850.2051396654913	-506.4371389320896
-818.3372324282238	-111.3035502794661
-204.37862706329236	433.9704235201182
104.49819468934948	-816.0264499807621
653.4374892096234	792.176516372163
-515.9819230664866	-705.6046153563351
-136.31700424501878	-153.17106572515036
914.5876052699862	946.204302317856
-693.8162058292421	-632.7505697330715
608.7062333385088	213.109313634586
225.4447038856954	-17.962207171519935
-996.181695636458	21.322722156546888
908.3042862106263	-758.1634440261797
118.9952054991345	814.0377417658008
819.5405942407758	393.1062467769266
635.2131982976939	-13.233709169551389
-765.8109387018449	445.5983314261607
750.7031769562791	-449.7778390533433
265.499811096018	-455.2438500907807
185.898375550099	-92.5492216695485
-185.1183864078862	-925.7162998901574
-997.3136664977926	-974.5951407298819
-170.62041950791036	830.4823083554868
-324.9935914135658	827.2592618665051
442.44931302141754	-704.065259914142
542.6890153288073	959.4421451760954
-607.8191144145577	-715.3760610846286
-483.0464274985966	16.891134534432013
-524.5708973920364	-438.32912507849596
915.3027063930222	-46.479478389915585
815.4058841624351	415.5900857643028
-720.7476090137934	753.3648292396172
-981.9760808331628	762.3569406885117
708.8169635795973	909.0601570866968
-963.9873690392646	-713.6930045179248
796.0674565451623	-65.39428307740297
809.6713758223857	864.604123601516
-727.417504677388	399.9028318961223
574.6999006392543	-178.2909157584172
-863.7635488051276	422.41930228885326
238.21822299852988	-66.46649309812426
575.2684522512461	-835.3006787936057
699.5301606126852	-239.30700830278704
476.3772368897344	-406.8505647339074
817.606995587679	608.079258345037
-178.56189519618272	-252.00021887169544
378.211652278939	301.6331998223709
9.887054053958423	402.9399956346124
221.29506099602986	-235.34431880739487
596.1949859451186	54.10704758541374
-271.01455454868085	-58.53157503120826
571.2722287048546	-372.27339224715126
-773.1238141776589	-433.56615349176275
699.0524853634417	-161.51390165242412
918.3642623333358	-837.3884082483032
179.12106039604032	712.9286296514053
223.02618177361205	139.5835888737497
-596.814218457715	465.60476361997394
828.2703684834291	-171.88362127250946
944.7053451559534	713.9882961454082
590.4683200411912	50.484188804815176
-500.5480795849926	-837.463938768295
-626.1387711570342	196.56639075523753
-419.3699866174128	-346.6617625145991
-966.4526316858213	-16.16053983249617
447.10831127531765	-161.7653050627839
66.48281874277109	-832.1673152040703
41.90996114553127	-138.52678189045116
589.1005237953575	-425.03441595782294
638.0174064409475	-570.709230585631
-676.8983318033941	942.8595595267104
-601.4445606661588	-149.33054836567726
-562.24400398899	-369.6552921752103
465.933087819825	657.1506256649884
-864.7318333969156	-923.1989506611651
320.9991405910732	839.9524097801498
998.6377371147485	-18.85826315502777
758.9571446810112	-717.068329304472
-144.78942305319367	-745.8960644238776
-942.3761748527235	-596.8138732616866
-524.952903750461	505.5196135649164
-613.4278047424375	-349.6181656487378
352.96890466132504	-231.9208151280185
-538.8948211158236	-622.4110124712629
479.4091533507774	-790.9251579765523
-311.59349020076263	668.2067127163518
771.4348272209768	-475.2537160921444
670.9183023837552	610.465062601209
-907.9896293252017	-836.319282920695
-806.0911223823615	-557.0489304731752
-390.6143737759147	-816.1295309608083
345.7553033625095	-805.3920408059141
-207.0268353101543	-63.05893514316563
672.446900206817	127.20451196358363
939.9058149587393	-242.83706994814474
304.261930644052	186.00140733112062
-412.19338160726807	-380.6704118896571
907.0142891081475	-921.2170246410778
-735.5175979927033	-778.7638172433302
582.0570874645596	445.6860161636471
-495.7560348696417	-933.6013231476009
916.5934261004597	-85.33027114944684
133.73755903799315	499.02292040001703
170.54867107260247	-932.8003047716031
617.1492132495666	812.6617534581669
-867.6242436899583	-181.74627021340962
-970.2781819105796	603.0355332319687
-971.0246733231311	318.6703325155213
636.4991574784542	547.3210561071355
144.68725386214442	734.1601071777934
905.8166987351844	560.4359628713144
301.5680102249453	-993.431394487447
-566.8091721938597	-397.0794500681411
-20.408881401279473	-326.81969634122333
-685.9601167774188	730.9074162282911
967.3049074989235	274.9062725584695
-418.75129292475583	246.23220088406333
344.2021320701076	-486.8641607794966
-904.225172071895	-717.1171659816082
-294.0350856169929	722.812610135067
-497.70366166384883	-56.874102759183074
728.8979458810529	-640.3050906953888
-852.0627532122706	233.58954085294977
-377.52241738022474	-894.302317739819
670.2706095546378	-19.77382422415144
-81.6277803776062	553.738264322159
-179.2124760428053	880.4240993963554
715.3302043240647	-615.9584959986393
318.5944402621617	-124.97181404044034
-847.7660821940975	165.98985854444186
-68.19025140752672	-948.2255484388809
-255.24654555481743	-139.11112545465733
-835.2054288213558	768.6258035879716
319.39884147576345	-900.8431620742945
-391.558637818731	-247.67394573542424
-193.23568852288633	-444.94212950459473
381.2625889294907	-620.0977853095873
649.255254793522	-16.02325242038762
-370.3510750718659	146.88553493656696
391.32929563823063	-726.3071377699495
789.4276237613653	259.53909135706317
-191.87430705598763	678.129439651093
929.937646273241	-248.51207461538797
137.74591920713897	225.30805591395097
-462.92084253915107	564.0189307906276
-977.2861849300436	-687.6084506523605
-173.10710713859658	-233.47154901172826
-342.0740972170529	-624.4038874158429
308.5377334462805	852.1730691942548
969.2525145504842	171.99657810242525
491.0867414432071	665.5287193054562
207.83909939509704	920.8082232384261
488.4847305466403	710.5506159947079
-495.2279711853531	961.3468202678982
-574.6242973171563	-102.47423956689579
-358.1350224636785	286.3423339892461
-954.1130829335353	-439.14414370254894
-624.1835864778893	798.8200983084705
731.6024104683643	-616.8605586769872
821.548307122539	54.70819511837453
-334.5152055974298	147.4890561716336
-221.58605611853682	-610.2948677177742
186.48483251838024	-366.4362007103907
-847.5196372000587	284.71559902508284
949.880937826292	253.11973764775507
747.3563969267389	-75.5758536668634
51.925567400117416	417.36395775954634
-521.3907211563624	-975.5574071265629
946.4783798728417	-120.62550935789454
-105.18739027372305	-573.0881532624754
305.6954803397855	-995.8186200045446
-883.9369757177689	-229.77931725418978
-884.613025727625	554.6609800273063
-964.2630901615162	-183.49952655982202
876.4847591237212	165.19046559765252
-64.67745982967153	59.785064181027565
-3.3802465994639306	367.59062975608754
425.07581471096455	200.21139807936515
-274.3235743556713	-330.1461526756268
-286.05666082331925	471.2892068219576
531.651726666805	-896.786479487266
-127.86557457636104	-318.2058112528972
314.73251757521416	154.19728317399995
716.2652316813271	520.1029326491448
80.09414794241002	116.18443560539185
684.8085545357458	-846.5357694154196
-818.3470108455638	131.3318327910788
874.8430697154229	-961.5193836654437
-415.43566501262364	392.52394977086874
-376.8310500969226	299.1900677556812
132.04890128288412	914.1033217084748
131.36392358611488	-93.72278546206417
297.6590995445822	-501.9176319206893
456.1478319323976	137.27320253898665
-553.6876212412478	321.9293368998706
647.2638441700635	956.694515739084
-359.0872184017991	-570.6399091903038
483.32600891977563	-331.8652632217571
993.2219959868853	-167.0989824358346
-140.25877711697694	-412.29699627786
-358.5405822165409	396.5612718633531
-81.58246258467636	-124.5941667147539
466.32626759401296	127.58677120831362
-472.2688921663747	-787.4954468426263
-674.1838682897662	-263.2360498635393
382.4289189890751	461.0788828524105
-468.54614177569	445.90026597245264
-859.0005675542247	426.71056731676913
72.60980064788214	720.0572814819652
833.7048616264606	-668.216128528662
-645.6954110688446	-888.4658483121992
251.38562002731373	-275.3854610081852
-843.1428626155775	548.641973966879
298.9030482938281	717.9549033931708
-262.24345244141875	-136.11741308525222
-108.61270147846346	471.7309216461724
993.3384240761723	-632.7187382087493
517.5548653570138	-392.66381334846164
-641.8913636022144	283.4848236726318
327.01949787801414	637.310565382917
877.4367918235839	130.36468752076007
-263.7435535253841	-973.1299305917445
259.3883647221685	224.2205789462255
-332.1523358874814	103.1396125940073
130.76943462329268	-74.0119810006754
587.8414971242335	935.116717106635
-286.63168744864834	-290.67477857941367
564.4146454367046	87.92538262551761
-203.34593595435877	445.4072995532333
-513.7181252002565	-984.4308717223354
137.50398468654976	-946.4117633555257
-139.90488166067757	-483.9538786101632
66.288445447929	458.11099626903524
24.701295137445186	-394.3424044959694
-332.38788465671837	697.5087528584695
154.98910089838455	250.72902445498494
293.1347676304083	98.75684904215541
268.81542891824074	911.9317395479902
922.5084245634248	58.51383396613619
136.6618135201411	-839.2164941676119
-168.7262755164718	-981.3794431994223
-684.6231174730615	69.79585949727266
99.98575072789959	-811.7275070049894
686.4166749743351	825.2621000255529
-830.0212548512427	-828.3839658461306
-186.4607940150487	221.61078001135502
493.6360965474569	-327.9936647632576
686.1921874811285	930.286415914667
-190.8251475717948	-99.3042734062359
475.59214590448414	-429.32717654205385
-490.60745004639193	771.682653414003
568.8040224437048	-731.9289661883239
482.16228493142194	-658.9369318437766
-872.0448675553092	-900.6928546164976
-648.463460685944	-796.3941864264099
-279.18952302837545	446.6728888663838
651.4615711815438	-24.485588957363007
882.0244244851563	-984.905352115723
-577.4162670882502	527.5008122800759
213.4645381886262	259.61888113509303
-139.36661401884407	768.4163836600774
-253.8013381743018	-420.70038131803346
425.9503906211355	-159.8754777155185
10.692214809474308	-905.6202555354645
772.516158265636	40.90683238869519
-789.919156692479	396.79394657724174
312.28504558744	189.1562634387169
-420.2086468860738	-373.59889380097866
426.1817726236177	995.5925961788234
-599.486264402693	-261.40625898333974
-476.1598425952534	541.7118945657785
-528.2544351034232	154.6711113302374
491.5122549638122	-215.61775174701768
-774.5034526049624	845.3562076317394
-620.6784405365739	-70.70837869264062
-226.48356916517673	325.80241089594756
-74.4505023418152	-480.4683290133793
383.77456494616376	131.89243534866227
-13.643496165674833	-895.8430156307481
-999.5136856245383	-243.6057697344629
-987.9973459193043	651.9260788270744
-541.7936596630832	-708.171617195839
-886.5900323700469	756.4966358464949
198.1353657771042	-259.27388789050406
-495.08067007165124	-240.32392935646362
-361.8746046700776	948.2325185099915
606.2724919297204	343.8253605555178
-252.21883209829502	-171.60416290786725
-469.7014635969789	-23.900770293352707
30.147155871307405	989.147192314306
795.7758984652764	544.2212767200908
-245.44185666756755	517.962385016212
-418.0069080634547	-918.1436468619238
115.04599838896593	-37.74518560864908
-797.437306490983	-139.51481953610892
366.3298157764632	-320.96303962029094
939.1875807218603	542.5320184793381
-751.6216345852212	-688.0785134081657
-232.51565307413216	-388.2886891942379
501.2397598792543	-292.5169379228885
414.64822984165426	360.25163177120476
158.12453064024817	-36.058255478846945
-887.9231061424191	-712.9614781948765
70.32256766965293	-960.7244116673617
-143.21277775360784	566.0203534834434
-616.3232136466343	473.76381708326676
-652.7814467766249	-61.01291880342899
-306.9221398578261	109.77803381145782
-538.0763260279784	-195.86576503795743
-185.8653067719422	-875.2674799321131
465.444862857456	-108.9436711967719
-677.7225593163507	597.4763942847351
-922.1411667745201	-718.6719354707036
840.762970471179	-442.84992741558665
701.9723980246386	709.6783968504901
823.0982211220726	675.1126106466045
-648.5259944843775	279.1071454202895
85.1937812199933	919.0724032902415
82.35534321054001	125.34194216706192
-817.9905104767171	891.7637155890072
-822.9564017278628	460.4798062908735
753.305354761621	594.2407482543135
187.41828953048707	692.8555475257556
-952.6551633136858	318.57493437739095
57.330048008082485	-509.94742599316334
939.8913256262733	702.8233309111658
896.0118997485843	-780.8281429735459
3.8663836314616447	-870.1119052034035
800.8129943133818	972.0790936337362
-382.9614896623194	-110.49513393821701
205.96042935394962	-274.17743288198676
788.2533266629948	916.2526928698458
-420.7099060796777	899.3363623570515
42.7832662897506	709.4900704038394
575.6839145223839	-488.678858309201
-487.7398778943831	-408.9659032583593
-13.539310730892339	-893.2676218986458
394.47820044935065	274.5835149053876
168.785308097418	951.8957068069756
-655.822894343425	-489.4820231689092
27.679512677050525	-813.2111600118792
-314.50742978754613	-231.06826057088983
-421.9562358268896	-741.2175296765147
11.104411067948831	194.7878427349765
-660.0545101909672	-221.467297480674
-527.654532238327	-866.5099749362166
791.1048133183438	449.0800681489186
-133.6135993106093	865.6657467793943
-794.4689578227706	755.2696309763683
-854.0684129520052	-10.52728942881572
-123.256007630667	590.3370547318511
879.9398695046334	-259.61169678464205
-817.284961410073	-222.9840765517863
608.719080102325	-493.0677923559172
-462.0211009511852	520.4475953079518
521.203318262556	362.86857436658306
104.21848355682528	537.2918866953573
-799.3112717157404	-827.6348986121959
-417.9652661477511	814.8246074588585
-901.0195722097436	-322.50119794840873
353.01101367004026	-497.32977688947
977.6708894870503	47.614567055559746
36.77100291958345	-861.147046149404
914.657444764337	-871.4031798962872
-561.3774688186224	-247.68091291331598
122.67707906517012	-214.74038092873843
-81.81457295679343	498.4554921920801
-237.95903508861784	306.8079355359157
712.4277409082217	-797.0112103121937
33.37548220304734	-155.56501142284867
-874.1590949742954	800.8493826280305
182.27820913586015	410.6027266540732
91.54215470620534	-542.939434516102
-782.3686063512354	596.3777596003663
-820.4933060794144	290.5136076493545
962.510149608665	-650.3779953669056
-199.81123780248345	-651.5767569995754
520.6041526688123	159.09457026418386
265.19580716587575	-25.448631901807516
580.5236111465483	-985.8504338870601
276.2368784664495	-247.055928795495
196.24879815373697	-975.8246360461234
-119.04275489596978	-464.2762558474751
999.0061594697383	-36.63226542006544
-402.3182891010331	490.25661222830945
44.13638311327554	-445.7353222053995
-848.2359624836674	753.0997869750665
863.1069958239523	-388.0550625152175
-392.67550834225665	138.1503251468789
642.0358360967691	-95.26804548669963
-981.6560868432214	351.80421504913556
-951.6664229741241	966.027987101789
-755.4849137193128	-695.5799061384787
-361.9000815783726	-289.07850254237326
412.4274514293902	-627.3599387144739
90.00236294367255	482.6516032120089
563.732559580133	-238.7166358148727
-64.58952203215415	-665.3749473405458
-420.38247703395325	-499.3117294709191
255.21831474561463	-285.696300605416
-713.5775709886385	-770.9902390765917
-805.0947902824703	-587.8149396298065
317.2943262642675	685.4874732358533
-14.469217370191473	881.6537985588232
513.3145467169704	-376.943186337636
-715.9358540395881	-772.5124495479525
-192.83564757598026	511.1220999609734
81.00613606922161	183.14890553787268
572.7774672694209	-420.91033342231276
418.0008413222479	-800.7468378273961
808.8144713872705	542.4557273787502
-64.07596595637142	509.4153640184061
-60.32060728559884	368.5256122396827
369.6071594250511	-154.6259217719679
299.3026286436518	306.4299599277215
724.4250992359141	358.4991469005149
500.0290250008254	279.55628401685885
-640.0536683681122	229.21129768538162
-88.46684005960606	79.55567680206309
-694.4919407091718	315.4009080486742
477.5684137155122	-592.5814776671969
-460.1935076879678	-548.3981170767764
34.15584111756925	-748.5404053348452
-804.4685093228541	-460.50759710794114
-309.6481754401033	557.2073003263108
55.97757820539255	-415.29604915804214
-138.3236508094792	-189.18370771047296
500.1029461438736	-976.0644264506964
882.473504076371	-91.0913749599764
404.9354588451911	-503.24413437032956
392.2419667932288	38.23856613424368
-268.2399217313334	-600.3474619405096
559.3796112072639	-159.71908666329
-580.8845671394654	-47.27778846325759
-110.42683723677271	360.1056494058714
-0.2618921305861477	-904.2583427716191
887.7923725596327	660.3821765317837
-92.47093999975675	-416.5810594331059
-138.19594672518429	5.5698733257531785
-917.6867141488501	-161.64563191017294
548.1632425055852	-909.5085795279201
-210.88313113045376	7.4050669051586056
-1.7664937267589949	-64.00873143474064
974.4544891963649	927.4686003081576
-149.64148369921259	-10.819714693288915
-339.7870809987869	-78.3577165588672
943.5933269128384	154.9392084731371
-226.81836321563515	403.40433886595065
-738.8287337549286	940.5471377607869
798.9688464109918	928.9720194787019
-777.6574821268046	33.03037268750563
918.5554315064101	-681.5323919039289
-118.95091863463608	731.8386737023147
-674.0142229575124	798.5644886843481
709.7753796296113	539.1399024999964
901.6266157240134	-655.3584164722204
626.654012595844	-856.4153229570421
35.71529281849507	-198.09131613934164
174.3747315165806	688.24790448559
82.54824464588432	-57.02147378016491
500.1223255211628	-52.45720597983939
876.7323770753544	-203.85651863313421
-868.9787385428041	-518.0196741551832
-770.92812860258	-602.4025422767286
948.969619193856	917.5445057346706
-717.356216417525	-778.1691294788941
-626.7817484024663	392.8562342735938
731.6037491396353	777.5237034513123
658.6141305571791	918.4529446871031
-35.44801307893101	-594.1262820134472
962.6084341129399	180.07511034789718
-855.3850986138589	620.6919054741359
-852.4182735963053	-706.3783707170346
709.6127882847213	-488.27767083455666
-904.2349249331434	-24.920876608746084
311.87424261370006	159.55077948181133
995.5672853322615	289.1261662969248
670.5856400808254	-142.0867844715807
83.91968066689128	700.8354555985936
835.162955590265	754.6068408915996
115.8953447644451	-236.88218376298175
113.57792756985395	120.08618029157583
-28.831710791478145	431.0646574444879
-53.33999646336679	450.69238995616774
149.78429789074562	53.915117943073255
-483.04613158571	-838.4791938189798
-22.707641169396766	968.5478331616534
-56.376818231624384	133.07968497332945
-582.757126281997	739.3239404192261
-531.0583565602525	-618.8150056865856
-488.8790670214656	133.57505875779316
816.6191563124801	-828.1688197395436
-14.55555128451988	-758.9017648332483
-941.6248384973604	938.3341681344812
-42.34718628323412	-874.8219973874998
-722.5042607880819	2.119843142500258
-275.62841374164316	301.801331785774
590.2937938239543	-913.912236092334
-391.1784741529116	-222.29101277829773
-388.9379289240958	-562.859893630462
-410.9622331303633	360.78711060131945
387.95463010059666	-404.0888971129631
-477.69882963177395	-616.8561274010808
-897.3961509195616	-350.56592307251594
-578.9191510860289	732.7034015180184
-88.57488215200999	477.9435866355643
441.9323341681468	-557.5642323947345
-317.03083776382095	479.04508472402017
-855.0559784105805	-247.20667775354127
-131.8879016906791	503.9991269159798
-786.4963184951046	879.3927139948494
891.347183521515	-468.0284249403344
986.8675790237701	589.3624901847065
339.7136763469682	271.30858739529276
-804.9656627325768	-615.961989910779
774.1239101375729	-29.41213473543371
-866.640440528438	-350.9441877536334
38.994213507108725	205.27543121472058
557.0067410095769	827.9186467434677
-69.72470075343051	-174.64006412718174
340.74308187669	988.6456323130712
188.32603801537834	-762.7934494811049
959.8787242318733	-541.8878044918966
321.16626629313305	65.92771649850624
-880.2700291064185	-770.7871753121653
-197.02890836735537	-688.3433665785445
372.82444441863095	-771.9420048300015
-730.845881052235	719.345934397385
-582.0720815472605	-836.7984593087401
-382.25111602359175	183.50272982152455
-374.90561301049706	-202.73599455149633
-634.4225581317835	-954.870362618208
-514.4505785765891	-265.3156010491151
787.3137879718786	-409.0562113619161
-944.9270242021807	-309.6524149568494
13.757899051227923	790.5446188358137
494.9313185931437	204.62514794502817
-94.96637489767306	46.47583908385241
-243.26491359443003	638.4523945279675
-148.9078297825099	-987.6913140436648
-927.9673937358814	627.5923342264527
639.3288032551895	742.2002475835322
-298.0164352052195	429.27798496459127
-741.1333682705434	-20.219428723133205
-701.2016295647678	791.8171086275761
896.7247587717598	761.8836844125215
648.2505247187801	-842.9741477060668
-112.14027348816137	15.614141816933738
430.62956728166864	82.25741136427928
765.3229599417605	707.51736747517
-390.98124077715863	728.5080277122502
57.21156531299448	289.0912204059091
-530.9966353278663	786.5030866636193
235.58740460909758	-68.7590408177881
-397.7905163892967	-40.522854039471326
920.4588912971262	-535.815620333221
917.0706709828655	794.4061250682737
178.27249313392622	-804.418366566598
-247.31188282502887	-958.2147312577127
211.44863769887797	-637.5100022461539
-213.40518968895856	210.70952226220697
-476.0619392417768	76.42193312952008
160.3229393458214	-364.12867103504004
745.8713212594289	468.016903178986
622.1476370058272	581.0457208322473
91.86806407084964	743.4524557873833
570.5735037484524	232.13325179836397
-786.5074797554432	69.88837601166529
166.7331713914882	-890.9559565533353
-739.4498645067636	-109.29341018248965
361.52012438844645	-599.7989400617207
834.3682204801717	176.6235952318691
-545.2146545956459	613.7867766747086
-507.21339953488797	375.0766796420328
573.8749442429769	-128.4117100328308
979.9284724657423	-840.1982893541417
-344.9786075928123	-101.74568740956545
-630.3199229393656	106.91961487863614
-7.989186407727971	-161.56999611911021
-705.7733288870256	-818.0939981328792
161.23056011448034	954.6116820638765
962.0069657940512	399.51556601318407
466.6399530613637	-565.9145884835868
-325.65817767487056	-238.87506248763123
932.7523771776694	604.1210783773424
-381.33323623581884	-131.37350153612192
859.3413017650801	-587.1260013334429
665.5008729532485	-594.9673096125152
-111.23666666662939	-374.1010352779424
937.3759677945841	-115.33070637372259
-723.105231222326	-711.4030123095328
390.891197094204	-651.7579499902655
526.4552438650551	-286.1869193654793
308.1098860774455	-440.7762560330781
-119.85727993603825	-807.2302235594977
596.100811458361	-973.7494463571657
943.8796615875779	-676.9778971298053
-889.3670794772439	265.2982734525556
349.4251723329048	917.4352594867612
-777.7703830777918	941.1626980294284
-538.2928915598793	783.6928132420535
450.2185781902622	852.0403731066658
639.037861691253	902.3112713482562
-662.564438086177	614.283695818682
507.27335951583495	-559.6646505827384
186.8020581527869	-551.9531123626409
-705.2186018296462	-911.359102060001
-479.7872849601164	-358.18504435789373
-430.2383551196991	-188.24036209126314
-527.424027287859	197.54836002247225
-840.0674988781698	-507.3533271508033
-61.05179046899093	-289.2728483339739
-877.0760380845321	-534.3712414083352
503.88641245324493	-149.38691334298665
-659.7885572451867	896.7321063184472
71.22328737710882	625.4929073505227
561.5509140361098	-756.9959720283462
-459.51652516187266	278.6971076174127
172.06276326598368	660.841632691102
607.5850455896145	-324.6838831742283
-511.8413514718174	598.7221732096464
343.9218313039778	-817.8320150490119
-453.10724447587927	753.9906493214698
497.65170536046844	787.102101625957
-200.1760782528204	-598.8916297801723
-368.70936928680203	852.7352593991736
306.7522201553636	798.4495276314124
-409.40022997371716	-858.0874470629356
476.63222496233493	-812.3490012328123
939.6081215238837	-848.5912144234105
-880.9169704670705	438.4420823698033
-2.876956240900995	559.6131685677524
-24.416533987343882	822.3504039447503
-883.4267260727136	231.41147556191072
-8.588126016912724	-93.8927016357427
-693.7663742323884	-328.09116752075204
-554.0450084094042	532.601856222253
299.992226159256	650.2602933970607
-842.0293825986796	-924.7054842174163
974.4498282273273	576.4450081836915
745.4723476976728	-666.8188065083998
-734.4596967173234	584.6355410464678
-921.4009405943762	-263.60021575054213
773.8161622813905	268.77147906861455
-209.03825493209945	-488.1977063345091
465.1229530789856	973.9114504146453
-12.989132364236866	290.7871484880393
689.6043147531566	335.2863872746202
-495.1829674103454	-805.2086234680613
-428.41420330163226	780.4623223807162
-177.60978219955814	-693.6450184370282
279.99500753787515	-592.0831825984637
-564.8200759331617	-709.5529573848971
-675.6146630076196	547.8696132515415
-734.9108793441235	85.20209636959999
992.2778986819405	-385.7148814492042
-76.5596822550907	-494.17131434845516
681.9411890108886	963.8181276325506
188.67299159164781	116.36740410902348
-273.83827131251826	806.9435621383902
-13.101546015024383	458.72974453175857
830.3205236793829	734.5482839618567
-375.85912086617986	854.8677338115779
-839.3900097700541	-327.43428317607345
-189.9015640312782	799.3035763940507
-115.85387129371713	295.3326468019286
402.5483561670326	966.0456298839788
-599.8951604709582	564.1023882191976
164.16171473493364	-339.89947582000866
-284.59825868482653	-300.5277274825762
-580.5470131596591	-753.2280547517112
-343.8902739492539	432.85435809060186
906.5130392401477	-312.20584909067964
-51.83665833273028	753.2416240197999
977.4615558601406	-520.6011603732916
-205.18041554476474	368.5345787823294
-181.44413357101666	938.7037830306924
18.126226147958846	966.4797083659394
845.391601039129	957.9080533622046
-943.0350886863208	-177.95046574553396
-834.4664194357991	289.21787763316433
304.4325203732458	-846.9138668597476
-337.22441166519366	543.0240338792594
364.0761828586926	-847.5863367703624
262.1063816286653	-26.174114791609668
119.73858414790993	-255.37237388669644
-175.1435353994175	47.253096503002325
-798.7947234051871	856.7119957833918
-448.6274669296988	-512.7558965397375
246.97176787482476	130.59399816476798
478.4631569285118	136.61934097745484
-841.4058555195036	-8.395307810656846
44.9272169819435	-214.96056688530962
257.59633283505696	305.8512412241523
-243.5147556230886	275.386410121823
76.6398658503665	-525.7014700078508
-16.943013373807503	-537.789117093233
-50.49241526379467	-494.9407015437624
-690.779935264962	-936.1732063051038
-396.5453740984235	576.4451612004416
-65.46617259037271	190.37296093251553
-42.30726975490052	13.938657972857982
8.98237348752275	244.51248379912772
-65.20981784124058	950.6006345107171
-321.96030452925515	-483.58526839490264
-973.6328621001455	532.9919664257206
-192.49856241814962	-492.9451455670584
716.7495946496244	374.72884581194126
21.19211978939586	240.0020607211295
-855.1844391058261	574.854275840401
150.52370928901178	-812.1766590972302
466.90759406097345	-374.55125146769115
-671.115335526586	434.4895465585814
-22.566296130352498	720.421001194725
-90.51558761416584	-444.1299365396469
-690.8396855354538	-760.7863604439272
564.5211118564064	-712.6088887577873
317.6767072787038	-384.5690411211067
-642.1275709298833	-395.3556722201279
159.41177733039808	-973.3500795507457
-218.09697364436715	-911.770536334553
-899.8988340871035	577.3874367646424
-853.9953729185008	887.7812536170993
-891.2645755059214	-904.390354675334
217.28005336835577	-506.84765883493196
442.72351832076265	382.24226095395306
706.2598044622457	844.6856417914021
683.7957995412685	-358.1751019299586
-685.2087143466895	581.8845688964684
-0.6912591495575953	-116.90436803494822
-570.0539652630325	720.0521463727491
-808.3939521653194	-392.3562006458417
66.53138848020967	-627.7449217041304
223.6477709137066	192.79781191952202
-219.61084765761268	-843.1255070777996
-161.14803781849446	-368.5389911659955
477.5697794168984	505.7411342666103
-379.6700955167594	166.70640127657407
175.19171376773193	265.7144279320196
-920.3657249769657	782.7833504254736
211.7289721771906	563.9525116018567
341.0194338536196	-287.5033435303602
769.9577265799712	344.7429183049967
-93.36921356826088	725.6979922678634
-531.945034624091	-38.88986691532989
326.1312106988137	-572.7578650933283
827.1898082973992	-89.89412090310122
-197.13641430381392	956.496275074006
120.0457379991617	268.37824096843497
222.84875871879285	-311.1988458884574
364.0255511323244	747.4997920631954
391.9702757539594	-852.8445582422994
-804.4790348213944	524.0934222464389
-978.8023199542262	903.002334610562
432.24197543423725	-823.431484830883
-30.488221551765946	679.9534482532104
212.19315791433587	832.3930530743089
249.78209773510525	355.49142760707764
734.8276643426414	640.2951607907457
-925.4198294633476	-322.5555941584679
999.3319971406943	-713.7771731843936
626.6825749917698	268.24968448676736
-225.16507857113436	375.1869018922489
-163.5867977162511	997.4245960706451
492.6139661959537	-846.7877883095346
155.66343353042885	917.5357485173358
479.23084462046495	499.87131262832327
684.0646718150124	-702.4376201758728
547.5210350069897	185.940934139104
293.98757180179246	-852.9803038661947
-828.9163892870481	870.299599466767
278.3755286666817	770.8955529020807
-784.1076861052818	812.1562450781407
-827.2969288175851	578.8468765022681
15.851558604209117	618.7471614197123
181.4438966605876	-218.64254042778634
-27.916151683858175	752.4356931729308
-659.0855042219441	703.0945418590509
220.6316476984532	539.8483618304595
331.9445731535711	494.967261242095
877.9488385171499	-348.34925116411375
-864.5679363114442	-687.10329416384
-776.2700528786262	745.1797951242017
-698.7642713211948	-267.3092368085786
-609.7987016657822	-882.8829621248788
-337.5725008157789	-121.76135071341082
-544.399780639493	698.1489098367365
-569.3635306337826	52.60733341420337
-608.519691400169	-268.86784284255884
286.90553404934803	-807.1757602318992
777.3936256108957	411.3994624718914
-988.355667833206	-466.90914480772267
-177.02222700753896	-874.5948998357956
591.2285925897932	813.2600515011172
365.3676294175616	-705.2248079945985
390.1854037504477	603.7357033570765
847.3577012843264	228.27871050302747
-594.5629806887316	241.93629126254018
-169.69241600316968	880.267518539672
533.9781645413045	-954.9767714698683
-163.07383072809012	454.47629109631384
913.2560232900755	-382.1529898096363
772.3530546870345	-388.7052045235597
-162.77371546563654	-165.0367278632698
900.8736841172199	586.4526277414491
115.86124704556619	796.606279987441
119.26111017511425	-256.9644051830478
-308.2642344920057	-824.73493051105
-601.1938912615864	-389.04349088007507
-591.6086578984989	-329.1842711263399
299.30337546372107	16.08924795886128
371.1621841969479	752.6935300289576
241.99695489095575	151.2576481555434
447.60596742996927	478.6014125356271
-673.553955299131	-204.05580674107648
190.73095658307216	-169.86582705405567
-595.1105008607396	-961.1463098779047
622.7114464188307	-470.0131735698079
265.72938529664475	-269.09696077653143
-526.5260509044887	-596.6301973126554
479.79212995126386	170.78731279037993
-830.7524114321818	-78.13519054820506
-624.6682995076355	726.2394882004112
-682.2594864425608	-443.6285149379855
133.1277947287374	678.2678948879764
-46.47082193388849	55.81760143104884
940.489401617036	803.2984087428886
858.3781892489317	354.3720664152761
-933.2019132291323	-605.8977071554734
884.3189971485592	683.337240119972
-433.11828097156524	-384.56157517829513
467.3672781304931	-166.5075226070869
396.7010766440078	-9.896018032571078
360.67500389200677	-153.25895254419072
-572.4223368674923	-53.79234211422943
-837.7213688570329	259.2291263112984
702.2245130466908	717.6108157372419
-65.34391703664744	-403.8747609431466
-834.6056328609815	-930.0626640554137
-325.73860626171427	121.08845303938028
-595.2719216836238	-178.3317725217786
-229.3272119496994	13.845450965536543
-265.28438031886424	-996.8028948596921
560.8118109342067	581.736843445947
794.3581425735458	412.78830458674884
11.211497302577413	947.173022790882
291.48712793904565	-328.56335290312643
25.664982617186524	76.35171685003434
-638.2906317717022	-483.55547486043497
-346.21628224328106	-278.82377666232514
-396.16145503039934	-0.291455241876065
-874.7933771526215	44.6906824794562
903.3201944657144	-236.61793310288726
-47.13779532624392	-604.0132980330706
-278.7413934117078	460.9619925080344
-25.43447976968241	-51.29707669611423
-772.4211269899754	-379.44148552809986
765.914316733008	-663.75744517019
921.8224460258944	699.616008266396
586.3094366694629	721.5464175321993
865.6934843510858	335.0462418530167
-805.0679033575587	-544.5432412119105
794.8921594808057	154.8885331068584
-976.8347949789595	216.90257780786806
-829.6141874056552	898.8778987359553
311.61484971739765	-87.02159137943806
-633.6202166065885	921.8361274222771
-471.5645411422595	-136.13720680711606
428.74404104496807	-413.75344544509153
436.50665342005914	-821.4917723758028
820.3849508316703	-345.82979124698807
754.2812706943344	103.00269616769765
-438.5993658674274	-237.6473029706376
338.15038999612534	612.8427654545997
907.0877760728397	328.32673849749904
-738.2326453033302	-7.299745423420973
-600.1216661953006	-656.375573724185
936.8240954553899	766.676193809308
658.9793947550736	823.4187535523524
691.8294882734281	174.938755349114
711.5509550650188	205.44685205224278
-257.8061491360852	449.8681889354284
885.212974027145	100.64388834141641
-512.8275236172557	-737.4287340064925
-134.51368835750463	709.4286915444641
18.289693159187777	-547.0184582870618
-899.9922448914319	-672.4893362226376
-969.0293082795196	142.9553673201201
-93.96180860561662	513.5748744235545
-822.3004723540013	191.64728527537568
-707.6004451057511	-614.772778581538
-462.2296815984795	288.752980597696
298.0661181637381	-475.56078236181884
484.9058515969789	677.9167810529605
-819.0216666256135	-924.6663626844839
874.494266726027	-109.9755091005901
-452.0322260692451	863.53703618185
-222.75043869207218	-553.1622354654637
728.5579085542622	-876.4148598896124
671.431700144373	-403.9848140379421
-389.28182956689113	872.4042594186124
140.03513431814304	151.67725649260638
-777.2167291444454	480.84647674793973
-931.0236993075475	-707.5533389457644
-129.53778624286576	488.11667169404245
-571.6133383361728	-456.20423892909184
610.5517807902411	582.1829819043435
34.10517758552396	-323.9622660162888
-715.1083909015599	30.225785379231183
-767.0098752916685	-158.75895561349898
470.37522282746136	-819.3026589776107
596.110897983405	295.20322395547373
-196.5881235121334	-581.6763689330115
-734.6075116139434	210.78408376071116
562.7844701284755	121.2545704099789
-692.3586103450593	-1.9143983860652725
627.1850622077593	937.6130503799595
536.9104572596164	-232.90174615034425
973.2395244239653	948.1980404792487
-924.613330183651	-872.7572356294182
207.6079202677622	-296.01884086838106
812.754939197258	-953.1639731885866
-760.3377421961062	710.6020626709058
679.1109974990177	205.29110533898233
920.6048866301817	-683.9965475811857
-806.6157452897364	-526.708013786829
70.57785727878763	-17.396315240227864
751.9457250000764	-585.132003009426
49.33242806553244	220.7139189550171
-968.9606683171814	156.28078380740908
894.5799118365526	-996.4464246344966
748.2850386809121	-763.4000832337595
-384.97494711630907	-933.3671440412526
54.83721333506173	-238.66104627468542
708.2557860059737	-574.5154429888464
-470.4788282194014	-139.56965763424535
-285.29784815622475	51.4711761497133
528.0508967021785	449.71734610459
929.3862564587332	-349.71928482665885
-168.02813670865157	-31.369657938676596
-493.4975205312231	695.1789704157438
330.2444150113929	118.4897466956088
377.63057535624375	-486.39324888034287
-125.68599566479998	772.7466322393868
-533.7545899275854	403.68398721734957
-273.24123297979816	802.3910400441519
284.949780504666	36.66985985113138
106.22889381892446	-551.6273842618511
-682.609783379113	687.8613168266361
-819.416546636476	-137.4912237292416
-275.5861600143006	-249.37423422770348
300.93544664729166	878.3317644979738
602.0076590535118	-87.12682830245353
-539.8961404879474	-602.0177428853799
226.6888986448646	353.1529770413699
71.76742879784592	464.41733811436234
-299.4292256252488	-419.8311606863027
-996.7614996293269	-31.83436054535082
-450.53081749647265	223.92492935590735
-628.1429618252776	407.7021532365384
754.6456668804021	836.158198240226
442.23331164057095	-619.7237936701428
43.898188627433	-876.8672032223652
-538.2648880121576	833.5613083151909
705.7783720224147	95.32067600806272
463.7004176751236	-857.0034370963526
-368.7137946452774	462.3686601839447
-224.46625016019811	-593.3414961634898
982.6782149887051	848.1487044496903
-924.9750631536231	-694.559367874507
7.612420091766694	878.1432184617765
3.459398515152998	720.8450770604261
-691.4621108671446	-771.5867548302875
-625.4856755320624	104.44741781404855
-559.8737436678894	-748.0465694224197
835.8861751189052	-330.03629865255516
193.99480672296522	820.6651537259354
-792.4944785823731	449.79800593659456
289.7631628650538	650.5277585257397
-111.15208726938386	195.57814889396764
-344.71836059005193	668.2962068343891
-821.2281763039038	270.29117726557547
213.29692836229924	327.08485310579795
-61.93876562978073	-792.7777993597178
-49.67707240759523	976.8254005730055
166.99871510534695	446.6329555921245
234.74576854806924	-629.1390562874301
180.1905492857686	825.708517554038
847.9615842442943	901.0244257937247
263.99539465797807	-452.37766316097236
84.28548274076547	-729.0217081951496
91.24126382738973	548.6908238843425
-676.283047871473	-286.2797373182617
630.8594570575112	839.5472615801968
222.82440573657982	-102.27444946931973
231.08360221286148	900.3693149458447
883.5763332718702	-487.4288969455456
-611.4800818930146	-748.3445890061182
244.91532195707782	-542.5390777848793
957.0096605946123	960.9278357721887
802.753274543506	510.38186465228114
668.8485443778297	191.9146635724112
142.64062154194175	-565.6637154600976
576.536896202517	-907.1663244192498
939.4851326001121	243.6331834799555
859.8034312534312	388.2644251548911
-243.7638919164151	847.428600940244
935.8173804554485	-901.8883303135559
-402.7622569859126	-821.6886202320412
-84.67528710325416	-568.6174024643867
922.4536876497152	960.3211659359586
-634.3576606155816	-229.10521019988676
644.9515217670726	26.013636244948657
72.86873871248781	-877.2676583054122
990.2468381221559	-818.9334372741428
150.31964187046106	724.1705471825444
528.1814106205991	645.0923910184047
793.9114232274087	-496.05092277350815
357.3377171515524	-124.22383569374836
-948.757339766435	227.04780304974543
627.2708195305092	-7.9564809340972715
2.1271803679441064	-978.5507714501521
506.3283002236508	-409.84677687414535
68.45618159031801	613.2559757992951
-99.19800947339797	-553.3642700025936
116.7861614683502	-166.308734496091
39.54741391894618	-601.2569091503976
379.13120257379137	-32.81751185809776
46.264852073239126	-947.0400817885305
-707.7773643385419	-488.4484185454785
43.69722656823001	-631.013644221011
364.1342543066364	805.5781523721573
-5.56918599629762	-52.65215072855335
-377.3396975250232	-500.392721824424
-269.5537816966063	7.710438161622164
-801.8268187218616	-991.3342853100739
976.806134597256	-657.9723735878024
299.6214124569833	-151.70312419482661
-336.15455561039573	941.2794600675413
851.3782375221649	-805.2635515664858
-773.9370489787239	-722.0015732208786
378.1313356236669	536.1633865886936
-535.0455520604883	433.3393666310101
466.05218839882605	642.6256818605484
-896.4644839271436	835.7384175775769
276.1215603317171	-349.8765837452678
-640.2902201259537	-727.1544257796143
-557.0302773807537	489.46834732356297
46.02695010691082	-394.11567390549226
-946.7636163140629	-654.882562640634
-386.60555362054924	-786.1126748178899
752.5437074235688	679.8987459381208
-461.8809583170789	550.7287602146412
-460.9025958062018	544.6688926425618
-37.83543576746354	811.3426518055917
613.4810314763897	-938.7691531381246
87.4476585766156	420.064371345037
477.24713725937977	199.64182398073444
-42.918114183206285	256.7411566267201
-539.8710267361469	516.7463612035194
-961.5663975062743	-538.709149531875
750.9806612960244	-687.8897106694351
934.1944015481156	756.0879502419764
-286.49202033678773	46.211591298140775
-52.132148257779704	-416.09998147159
273.385180121164	483.181759706099
279.2075732435526	990.7547468894568
-166.69895254359596	271.18783988158066
-895.3559532881259	-756.0195884463587
515.5365045903675	852.4579781986254
-400.0708326578541	607.3408914490303
-775.6390584051802	-247.23442140939846
-559.443957666098	-558.4286987344583
-50.9393680520584	-926.2283685420157
-575.665920733315	-423.69937113890853
-40.76063643541386	679.8462125318497
414.58113051455143	813.7374484048357
-677.0212701974006	-955.444649099221
302.3456431987463	-512.2972972212606
-530.1736726436372	513.2715951112564
667.1450782225163	-473.9352211802268
-268.32703045508686	597.6831115781895
618.4850349259345	-143.99666894415338
-447.8245269895747	189.26190146777435
489.86584134024474	503.5189641369161
515.2328880965106	-463.3924099627287
-105.38177918395445	651.6096420069894
-90.33544692821295	943.9440725666295
973.3878779351674	261.7513185678838
419.1071228471121	-337.0715919805758
832.3960041793655	516.8400660642524
587.2229701903029	900.6415584309398
-769.0966726632582	912.6964251760187
-831.063701270903	-161.2174619551505
756.6374052293224	-314.4518740445776
481.2773362632431	265.25131546665466
796.9593226260185	-822.5165926222011
211.17597199909255	75.67225205186764
-936.9541103342062	-64.21384827453755
698.2431284180075	753.8928448723584
-104.80079728153146	-914.5980013841104
252.04206276580726	-61.128533417309086
-257.24815993381185	351.64696684317755
648.4323945207825	-343.4487717111688
-339.1994434124574	-207.37197782599458
-243.6599993313697	379.96405283439776
58.36338316392403	920.9037937355197
-316.33169862762145	5.981316839391866
-76.0559147016022	-120.77427850506558
950.8184321633371	-520.0131646332586
-680.2767034763946	646.5792690091553
-991.6618081732997	271.46293715668776
763.2484666779269	580.778993190866
337.01087254814865	-640.2803484486669
-829.0845694894338	-967.692829449664
136.0331885773171	822.6645411649704
-108.11452381610081	475.1289169991421
-397.25131161413003	931.7593768757004
-414.50200943765526	573.5343618780885
-368.2609124344816	-207.05590026604239
-117.62765958437774	-843.762729784391
233.18567420930822	-179.8895173852635
45.86348962416673	-297.9012454682444
-999.9251709080412	-769.5862649669971
-933.672520284416	-386.16098419311834
-347.2544459667404	505.7324840164795
689.9255342030976	677.8237610257406
104.66059814533173	-134.2527517060372
374.51441384818713	14.267419355258085
-243.83483944056582	-744.7247864277424
-485.127050151714	-744.2234106385912
-980.2925957761599	-977.2089603118608
-790.561239287372	431.835579571836
-773.2096258161705	-514.0050455496132
-470.2801018659826	-415.6625921941626
-55.205703516821245	-191.0149319795795
97.99203402014996	-289.00334716123723
